L1:
#> iAUC_comp
# 0.7871534 0.7753712 0.7854807 0.7341317 0.7505316 0.7807907 0.7868403 0.7573279 0.6944551 0.8063144
# 0.8123762 0.7112249 0.7795758 0.7660328 0.7337807 0.7454200 0.7855498 0.7927580 0.7735511 0.7607513
# 0.7486021 0.7856268 0.7952702 0.8103739 0.7680897 0.7846280 0.7689846 0.8358357 0.7640186 0.7749442 
# 0.7729393 0.8100708 0.7572898 0.7919729 0.7654921 0.7877215 0.8299627 0.7707085 0.7699497 0.7580682
# 0.7599931 0.7932133 0.7490918 0.7496140 0.7111266 0.7468507 0.7766175 0.7505552 0.8238982 0.7574449
# 0.7566997 0.8047000 0.7945701 0.7825308 0.7978571 0.7941524 0.7413790 0.7921096 0.8271432 0.7640933 
# 0.7450585 0.7657502 0.7440571 0.7919067 0.7028183 0.7848963 0.8311656 0.7703074 0.7368550 0.7831224
# 0.8045391 0.7692477 0.8139626 0.7601924 0.8352188 0.8018859 0.7841650 0.7762743 0.7441949 0.8040918
# 0.7602492 0.7825908 0.8249264 0.7782899 0.7676128 0.7955324 0.7828969 0.7453775 0.7970101 0.7862667
# 0.7777381 0.7922761 0.8019664 0.7419691 0.7782117 0.8376357 0.7827435 0.7992984 0.7900151 0.7645697

#> iAUC_cox
# 0.6622743 0.7363446 0.6779541 0.6920697 0.7287914 0.7362365 0.7396885 0.7114318 0.6789612 0.7450919
# 0.7932741 0.7311272 0.6973281 0.7196663 0.7106351 0.7539383 0.7301710 0.7567461 0.6956081 0.7109749
# 0.6853270 0.6893151 0.7839294 0.7396787 0.7024671 0.7209175 0.7295712 0.7661067 0.6922477 0.7420136 
# 0.7676890 0.7524444 0.7585549 0.7621763 0.6876532 0.7268794 0.7659084 0.7507756 0.7094337 0.7608048
# 0.7555195 0.7592119 0.7103779 0.7423176 0.7400681 0.6876211 0.7449164 0.6922470 0.7684941 0.7190827
# 0.7215384 0.7447946 0.7461056 0.7425052 0.7991067 0.7471862 0.7229494 0.6800379 0.7131762 0.7255662 
# 0.7061370 0.7434924 0.7128699 0.7212981 0.6707690 0.7354928 0.7638456 0.7317444 0.7564286 0.8032752
# 0.7700595 0.7274775 0.7468299 0.7546742 0.7990442 0.7534475 0.7221314 0.7296964 0.7284668 0.7750414
# 0.7486062 0.7372242 0.7543685 0.7421911 0.7625274 0.7264472 0.7537401 0.7809866 0.7658182 0.7495418
# 0.7065821 0.7441831 0.7410659 0.7194816 0.7085193 0.7316741 0.7561190 0.7297229 0.7596213 0.6857930

#> iBS_comp
#0.1244177 0.1151498 0.1266206 0.1372547 0.1353839 0.1320515 0.1280040 0.1315851 0.1486093 0.1200250
#0.1186388 0.1440997 0.1204120 0.1353541 0.1362521 0.1310786 0.1280749 0.1243658 0.1304423 0.1322834
#0.1370573 0.1234416 0.1267853 0.1149803 0.1322712 0.1255571 0.1183439 0.1122503 0.1139659 0.1282515 
#0.1286665 0.1204850 0.1311251 0.1265885 0.1293127 0.1238934 0.1180000 0.1311171 0.1270035 0.1355656
#0.1333301 0.1262951 0.1286059 0.1276714 0.1405389 0.1376594 0.1207596 0.1276805 0.1183763 0.1240424
#0.1307612 0.1229343 0.1223024 0.1275181 0.1143303 0.1213023 0.1363237 0.1247373 0.1148959 0.1142279
#0.1331512 0.1305451 0.1349539 0.1258180 0.1466768 0.1265256 0.1085892 0.1275653 0.1360018 0.1241237
#0.1207926 0.1343465 0.1245921 0.1344349 0.1131594 0.1215015 0.1283086 0.1294686 0.1342879 0.1138249
#0.1279519 0.1300638 0.1155681 0.1221712 0.1283835 0.1224092 0.1291673 0.1311013 0.1253130 0.1289918
#0.1251749 0.1271588 0.1151778 0.1345623 0.1283088 0.1050107 0.1300249 0.1151168 0.1198985 0.1254573

#> iBS_cox
#0.1475320 0.1269384 0.1475638 0.1423151 0.1420263 0.1409196 0.1394473 0.1362529 0.1482938 0.1351210
#0.1266493 0.1362812 0.1412623 0.1409405 0.1412446 0.1354596 0.1348508 0.1307474 0.1453854 0.1424980
#0.1429165 0.1468827 0.1283797 0.1340302 0.1443818 0.1458786 0.1371966 0.1323894 0.1390620 0.1352179 
#0.1314251 0.1272597 0.1350409 0.1357908 0.1450090 0.1399923 0.1364769 0.1354151 0.1393107 0.1365885
#0.1302688 0.1323993 0.1418188 0.1353290 0.1363902 0.1462205 0.1319018 0.1441157 0.1274703 0.1385952
#0.1422575 0.1335423 0.1354117 0.1383949 0.1231941 0.1333851 0.1395447 0.1447714 0.1413769 0.1361308
#0.1400074 0.1360103 0.1430528 0.1377829 0.1491739 0.1366658 0.1346091 0.1315699 0.1393623 0.1193683
#0.1297142 0.1407832 0.1394329 0.1410475 0.1244449 0.1324946 0.1401501 0.1416583 0.1389357 0.1280546
#0.1371165 0.1371770 0.1351826 0.1371389 0.1271058 0.1395416 0.1357056 0.1284869 0.1343253 0.1344579
# 0.1438533 0.1355569 0.1316225 0.1440610 0.1401485 0.1387609 0.1367944 0.1334086 0.1296135 0.1426438



L3:
#> iAUC_comp
#0.7633864 0.7965820 0.7530036 0.7373329 0.7554363 0.7558632 0.8010285 0.7950515 0.8280431 0.7656947
#0.7784494 0.7706692 0.7496272 0.7547910 0.8045057 0.7806005 0.7332885 0.7637678 0.8005483 0.8065243
#0.8063953 0.8080826 0.7412320 0.7600113 0.7767390 0.7903211 0.7867214 0.7493701 0.7336277 0.7665932
#0.7404717 0.7617085 0.7694875 0.8289812 0.7754568 0.7883995 0.7672980 0.7937286 0.7697246 0.7377999
#0.8081451 0.7435771 0.7279068 0.7936283 0.7961826 0.8106398 0.8074696 0.7380957 0.7251289 0.7903975
#0.7637514 0.7798154 0.7557540 0.8098647 0.8046606 0.7609453 0.7282678 0.8065028 0.7458734 0.8042045
#0.7935531 0.7690361 0.8001410 0.8027654 0.7760629 0.7612748 0.7723661 0.7774417 0.7345069 0.7404435
#0.7460830 0.7885015 0.7754270 0.8084226 0.7161814 0.7379703 0.7829153 0.8180172 0.8234694 0.7995484
#0.7186198 0.7836940 0.8274631 0.7579317 0.7455576 0.7856005 0.7643280 0.8049317 0.8049253 0.7484045
#0.7739640 0.8023055 0.7889065 0.8130569 0.7696961 0.7812724 0.7515951 0.7534380 0.7600483 0.8287395

#> iAUC_cox
#0.6906354 0.7570114 0.7201953 0.7104767 0.6897508 0.6848551 0.7304398 0.7558239 0.7669783 0.7218309
#0.7296149 0.7251585 0.6840564 0.6940562 0.7455131 0.7585277 0.6556522 0.7534995 0.7296365 0.7220607
#0.7582537 0.7159693 0.7153983 0.7136457 0.6909528 0.7577259 0.7395465 0.7140705 0.6693874 0.7415784
#0.7047361 0.7323447 0.7226541 0.7339419 0.7367800 0.7309676 0.7455060 0.7126055 0.7596915 0.6810388
#0.7420748 0.6976668 0.7211295 0.7362465 0.7448824 0.7159282 0.7274897 0.6449640 0.6851214 0.7331415
#0.7155161 0.7419939 0.7398779 0.7601283 0.7895662 0.7470932 0.7257820 0.7228685 0.7416428 0.7401236
#0.7043720 0.7132300 0.7364183 0.7469391 0.7185508 0.7030323 0.7427212 0.7345570 0.6875878 0.7492381
#0.7328520 0.7470100 0.7350165 0.7883132 0.6943755 0.7102489 0.7370263 0.7395470 0.7694011 0.7478364
#0.6977990 0.7434715 0.7247217 0.7226377 0.6688858 0.7220658 0.6955132 0.7354095 0.7824698 0.6825027
#0.7332071 0.7405073 0.7529280 0.7504806 0.7321447 0.7287386 0.7109018 0.7150961 0.7103165 0.7570188


#> iBS_comp
#0.1295265 0.1241882 0.1339111 0.1404260 0.1322039 0.1279165 0.1239184 0.1273238 0.1060112 0.1290404
#0.1238088 0.1320468 0.1359745 0.1336755 0.1121998 0.1307028 0.1368062 0.1289435 0.1262555 0.1242947
#0.1275536 0.1199001 0.1344116 0.1323402 0.1285348 0.1247405 0.1282965 0.1393414 0.1439064 0.1311128
#0.1386013 0.1319949 0.1288633 0.1127773 0.1372832 0.1295303 0.1358095 0.1230358 0.1277353 0.1424227
#0.1214668 0.1374015 0.1376489 0.1255040 0.1213892 0.1216623 0.1142248 0.1382494 0.1372896 0.1299302
#0.1315263 0.1255463 0.1278430 0.1091150 0.1215224 0.1376032 0.1377204 0.1174930 0.1376493 0.1253592
#0.1327064 0.1367901 0.1271279 0.1248439 0.1290240 0.1307271 0.1325289 0.1333559 0.1412108 0.1276312
#0.1340389 0.1286203 0.1333632 0.1232731 0.1349098 0.1325506 0.1282638 0.1183736 0.1153432 0.1265288
#0.1209117 0.1256833 0.1181728 0.1330652 0.1402201 0.1291814 0.1324603 0.1189979 0.1253500 0.1333014
#0.1303570 0.1214878 0.1296386 0.1179226 0.1229253 0.1327336 0.1360985 0.1347398 0.1377462 0.1099981


#> iBS_cox
#0.1392164 0.1337760 0.1413134 0.1401872 0.1427852 0.1420743 0.1390434 0.1379226 0.1258161 0.1357079
#0.1342837 0.1396322 0.1432173 0.1439534 0.1335594 0.1331862 0.1473997 0.1345380 0.1399275 0.1420947
#0.1320286 0.1416779 0.1435278 0.1387000 0.1459331 0.1353881 0.1442828 0.1456481 0.1474119 0.1395564
#0.1429928 0.1429915 0.1396644 0.1338900 0.1396425 0.1413353 0.1377219 0.1402032 0.1361513 0.1493875
#0.1389201 0.1457675 0.1390118 0.1343919 0.1351570 0.1392850 0.1339292 0.1498062 0.1447425 0.1389943
#0.1412545 0.1329514 0.1379489 0.1288584 0.1217648 0.1404219 0.1395549 0.1348918 0.1420842 0.1358815
#0.1453526 0.1435989 0.1391422 0.1322071 0.1390537 0.1432328 0.1348372 0.1367971 0.1465473 0.1344874
#0.1383367 0.1310806 0.1381197 0.1289415 0.1432304 0.1438449 0.1394089 0.1426813 0.1327699 0.1347225
#0.1443829 0.1370708 0.1393118 0.1420211 0.1502113 0.1410262 0.1434632 0.1345499 0.1275502 0.1411551
#0.1349918 0.1310163 0.1326426 0.1336701 0.1398054 0.1390261 0.1442873 0.1441826 0.1436514 0.1333028

L4:

#> iAUC_comp
#0.8131438 0.7977907 0.8062301 0.8300397 0.7636264 0.7518021 0.7573579 0.8170304 0.7898426 0.7705475
#0.7609617 0.7806512 0.8085137 0.7672687 0.7727560 0.7947572 0.7976804 0.7828622 0.7912823 0.8260511
#0.7822839 0.7931552 0.7194220 0.7749348 0.7955915 0.8405565 0.7266478 0.7567022 0.8033978 0.8231020
#0.8516680 0.7446725 0.7564383 0.7414106 0.7861838 0.8270517 0.7559529 0.7839387 0.7753751 0.7975642
#0.7209541 0.7669597 0.7550682 0.7777258 0.8424531 0.8295877 0.7671770 0.7656993 0.7818238 0.7297188
#0.7738342 0.7739442 0.7402360 0.7776093 0.8123381 0.7790557 0.7661994 0.7661793 0.8094738 0.7732627
#0.7496809 0.7742788 0.7774752 0.8174882 0.7272768 0.7838120 0.7468866 0.7661721 0.7939808 0.8280026
#0.7867797 0.7357137 0.7042474 0.7563539 0.7609561 0.7538977 0.7585013 0.8095645 0.7494953 0.8276955
#0.8332267 0.7465034 0.8292954 0.7483633 0.8248592 0.8122345 0.7970995 0.7714669 0.7828118 0.8061732
#0.7327704 0.7691776 0.7657707 0.7682767 0.7848784 0.8012251 0.7296746 0.7743745 0.7949178 0.8175600

#> iAUC_cox
#0.7729976 0.7293842 0.7502121 0.7211444 0.7298647 0.6489102 0.7443006 0.7524350 0.7242993 0.7512588
#0.7054086 0.7450340 0.7690375 0.7315980 0.7432485 0.7286277 0.6976348 0.7872183 0.7597657 0.7991863
#0.6945518 0.6711186 0.6529653 0.6762822 0.7460450 0.7885611 0.7072615 0.7119547 0.7456446 0.7429199
#0.7791393 0.6916729 0.7063398 0.7607820 0.7378104 0.7815039 0.6982010 0.7188243 0.7068851 0.7574069
#0.6892596 0.7405161 0.7388582 0.7723887 0.7545421 0.7008414 0.6705210 0.7471817 0.7812654 0.7276981
#0.7673890 0.7324676 0.7259344 0.7325547 0.7472269 0.7338019 0.7515197 0.6731888 0.7385907 0.7497515
#0.7071249 0.7190794 0.7372087 0.8094726 0.7109287 0.7080951 0.7426021 0.7057066 0.6972642 0.7654664
#0.7658189 0.7183176 0.6913945 0.7177417 0.7276455 0.7473476 0.7333650 0.7105368 0.7336586 0.7689137
#0.8224934 0.6820588 0.7756072 0.7364896 0.7576542 0.7085811 0.7443300 0.7303713 0.7491275 0.7847340
#0.6639294 0.6980894 0.6992348 0.7319149 0.7575742 0.6659425 0.7348386 0.7109509 0.7473501 0.7176623

#> iBS_comp
#0.1198217 0.1217047 0.1224624 0.1001428 0.1272208 0.1321676 0.1386033 0.1137062 0.1231767 0.1269105
#0.1372027 0.1287543 0.1213114 0.1296481 0.1337611 0.1251134 0.1244428 0.1159633 0.1199538 0.1209714
#0.1202239 0.1259931 0.1408532 0.1312879 0.1144992 0.1033331 0.1443762 0.1318689 0.1181424 0.1152361
#0.1101712 0.1372355 0.1382077 0.1375985 0.1271017 0.1134344 0.1362874 0.1299792 0.1343694 0.1206626
#0.1427216 0.1227385 0.1300658 0.1299204 0.1099233 0.1189392 0.1269770 0.1241476 0.1296662 0.1324397
#0.1277503 0.1328128 0.1418595 0.1266978 0.1179429 0.1236720 0.1312914 0.1326119 0.1186300 0.1180918
#0.1352189 0.1295508 0.1265032 0.1125513 0.1471291 0.1333172 0.1358963 0.1305527 0.1221048 0.1148033
#0.1130083 0.1401010 0.1441883 0.1328090 0.1309068 0.1435475 0.1357357 0.1198758 0.1314294 0.1190094
#0.1082715 0.1342841 0.1132139 0.1364934 0.1200534 0.1195602 0.1265121 0.1281501 0.1346116 0.1242662
#0.1393041 0.1340408 0.1239080 0.1254901 0.1243734 0.1224992 0.1386344 0.1300990 0.1211693 0.1192542


#> iBS_cox
#0.1291999 0.1360221 0.1341446 0.1344001 0.1399864 0.1486320 0.1374915 0.1364430 0.1430061 0.1370297
#0.1445201 0.1306140 0.1312147 0.1397570 0.1353479 0.1366594 0.1407533 0.1302683 0.1328007 0.1213805
#0.1466049 0.1464162 0.1478442 0.1493018 0.1307541 0.1323311 0.1452587 0.1403482 0.1391375 0.1366493
#0.1281613 0.1476556 0.1400300 0.1344970 0.1376741 0.1227872 0.1428154 0.1398281 0.1479844 0.1324701
#0.1501693 0.1397873 0.1397516 0.1274783 0.1371706 0.1421628 0.1404526 0.1382987 0.1190842 0.1337770
#0.1350674 0.1422742 0.1455892 0.1394311 0.1344294 0.1438400 0.1351001 0.1457208 0.1374879 0.1427677
#0.1465136 0.1471648 0.1389398 0.1217141 0.1471334 0.1424033 0.1381475 0.1464947 0.1392974 0.1319798
#0.1257868 0.1432354 0.1448145 0.1415812 0.1392107 0.1390571 0.1390278 0.1460175 0.1397884 0.1335328
#0.1179091 0.1511490 0.1272508 0.1390140 0.1353193 0.1399353 0.1358513 0.1427572 0.1378696 0.1296225
#0.1453747 0.1441423 0.1416208 0.1372935 0.1281149 0.1489761 0.1395453 0.1414037 0.1325696 0.1418686
> 



> head(screen_freq, 30)

        merck-NM_001089_at         merck-NM_003034_at 
                         8                          7 
        merck2-AI858819_at        merck-AA129758_a_at 
                         7                          6 
         merck-AK025097_at          merck-BC023330_at 
                         6                          6 
       merck-BG772810_s_at merck-ENST00000380176_a_at 
                         6                          6 
     merck-NM_001033567_at       merck-NM_153838_a_at 
                         6                          6 
       merck-AF499000_a_at          merck-AK057093_at 
                         5                          5 
       merck-BM670173_s_at          merck-BX107093_at 
                         5                          5 
         merck-CR610205_at merck-ENST00000327625_a_at 
                         5                          5 
     merck-hCT1653457.1_at     merck-HSG00446072_x_at 
                         5                          5 
        merck-NM_000165_at         merck-NM_000782_at 
                         5                          5 
     merck-NM_001007229_at       merck-NM_003901_a_at 
                         5                          5 
        merck-NM_017888_at       merck-NM_020925_s_at 
                         5                          5 
        merck-NM_033125_at         merck2-AB014565_at 
                         5                          5 
        merck2-AJ417818_at       merck2-BG739747_s_at 
                         5                          5 
        merck2-CB306793_at        merck-AB209100_x_at 
                         5                          4 


merck-NM_001089_at         merck-NM_003034_at         merck2-AI858819_at        merck-AA129758_a_at          merck-AK025097_at 
                   "ABCA3"                  "ST8SIA1"                         "merck2-AI858819_at"                   "EIF4E3"                         "AK025097" 
         merck-BC023330_at        merck-BG772810_s_at   merck-ENST00000380176_a_at      merck-NM_001033567_at       merck-NM_153838_a_at 
                        "BC023330"                     "EIF6"                   "PDLIM5"                                                          "RHOT1"                   "GPR115" 
       merck-AF499000_a_at          merck-AK057093_at        merck-BM670173_s_at          merck-BX107093_at          merck-CR610205_at 
        "CD302 LY75-CD302"                         ""                         ""                                                                 "AC096670"                     "PPIE" 
merck-ENST00000327625_a_at      merck-hCT1653457.1_at     merck-HSG00446072_x_at         merck-NM_000165_at         merck-NM_000782_at 
                 "SLCO4C1"                                                ""                                          "SNORD12"                     "GJA1"                              "CYP24A1" 
     merck-NM_001007229_at       merck-NM_003901_a_at         merck-NM_017888_at       merck-NM_020925_s_at         merck-NM_033125_at 
                    "SPOP"                                "SGPL1"                                            "ACSM5"                   "CACHD1"                                   "SLC22A16" 
        merck2-AB014565_at         merck2-AJ417818_at       merck2-BG739747_s_at         merck2-CB306793_at        merck-AB209100_x_at 
               "RAB11FIP3"                    "MUC15"                                                     ""                                "INPP5B"                 "RPL21P19" 



## Reported
GSE72094 <- read.csv("final_data.csv")
GSE72094$CCNA2 <- GSE72094$merck.NM_001237_a_at
GSE72094$AURKA <- GSE72094$merck2.BE856617_at
GSE72094$AURKB <- GSE72094$merck.NM_004217_at
GSE72094$FEN1 <- GSE72094$merck2.XM_937756_a_at
GSE72094$CCND3 <- GSE72094$merck2.BQ669293_at
GSE72094$NCALD <- GSE72094$merck2.AF251061_at
GSE72094$MACF1 <- GSE72094$merck2.AB029290_at
GSE72094$LRC4 <- GSE72094$merck2.NM_007360_at
GSE72094$NLRC4 <- GSE72094$merck.NM_021209_s_at
GSE72094$PLEKHN1 <- GSE72094$merck.NM_032129_at
GSE72094$RASIP1 <- GSE72094$merck.NM_017805_at
GSE72094$SPP1 <- GSE72094$merck2.CA447290_at
GSE72094$GPT2 <- GSE72094$merck2.BX099266_at
#GSE72094$SGPL1 <- GSE72094$merck.ENST00000299297_at
GSE72094$PCOLCE2 <- GSE72094$merck2.AK223633_at

#BIC_
#1 5 6 11 14    
#2 4 8 9 10 13    
#3 4 7 12 
#ABCA3 SLC22A16 SLCO4C1 NCALD EIF4E3
#RPL21P19 GJA1 FEN1 ACSM5 SNORD12 INPP5B  
#SGPL1 GJA1 RAB11FIP3 GPT2

#AIC
#1 5 6 10 11 15 17      
#2 4 8 9 10 13 14 15 16 18 19 
#3 4 7 12

#ABCA3 SLC22A16 SLCO4C1 SNORD12 NCALD PDLIM5 EIF4E3
#RPL21P19 GJA1 "LY75-CD302" ACSM5 SNORD12 CYP24A1 INPP5B PDLIM5 age AURKB LRC4
#SGPL1 GJA1 RAB11FIP3 GPT2



